5124 8117 5185 7681
5445 7245 0014 2374
5061 7018 8542 2285
5801 5433 3842 7171
5455 6540 5875 7322
5671 3206 8504 7044
5083 2285 8822 5645
5487 3152 0022 5103
5136 7536 8731 8428
5585 1734 2873 0540
5115 4145 6466 7776
5265 8158 5361 0871
5176 7387 7305 7064
5668 8811 2238 2836
5814 8525 6613 8607
5713 8076 4500 3745
5366 1141 8842 6247
5568 6132 4040 0781
5234 8825 2287 5622
5110 0065 5744 0602
5805 6728 5154 6285
5600 0703 3214 4746
5704 2074 0758 4787
5510 6768 1662 3580
5820 2662 8844 7737
5380 7783 5073 0875
5806 0888 2437 6651
5574 0150 7143 6375
5661 5853 7258 2444
5744 8573 0473 0156
5572 7711 2872 7057
5772 4580 0773 4838
5800 7676 7815 2880
5630 5812 7413 2816
5636 2552 3611 2802
5817 0328 2724 8183
5414 1054 3604 1533
5487 5281 4734 0054
5702 0264 4276 1438
5422 1602 7676 2607
5138 0657 1456 4132
5315 0354 3807 3707
5507 3317 1637 4406
5035 4868 0352 8073
5507 3042 2507 2647
5136 8616 6722 6154
5871 7347 1580 4414
5238 4426 1405 3665
5018 8363 0636 0161
5538 7536 3066 3171
5601 2232 4002 3622
5470 0475 7028 5040
5057 4163 0730 1886
5772 0763 0040 3586
5840 0358 5830 2234
5757 8248 3557 6650
5008 4325 7303 1560
5582 0514 1424 8433
5535 8264 3232 7113
5141 2343 1743 7865
5413 1058 8027 0266
5048 6175 3245 6583
5283 2550 3674 2226
5826 8184 4872 3540
5827 2238 2350 5613
5212 3706 6870 1147
5332 4016 3482 2447
5508 4610 5164 4631
5412 2022 8243 2163
5457 8443 3214 5034
5357 0515 8237 7785
5627 4377 5584 1745
5357 0686 7003 5711
5772 1574 4255 8444
5082 3040 3187 1342
5507 3063 6437 0674
5037 1864 8864 1401
5454 8477 8188 1812
5714 8210 8086 3827
5338 2272 1335 0144
5134 7282 8451 3847
5517 4605 6378 8364
5676 3658 1286 0558
5368 3753 1560 6880
5184 1230 5525 4806
5632 3548 2566 5561
5068 3705 7704 2406
5650 6388 3757 3616
5562 4302 6112 3440
5428 0025 4050 5327
5433 4434 6623 6583
5261 4511 5160 1646
5736 2184 3181 3706
5301 8158 4734 2181
5165 4845 2113 3864
5740 3287 3524 6356
5866 2165 7046 6577
5441 5618 1852 6326
5371 6554 3228 1377
5504 8144 5766 8881
5116 5388 4622 1017
5128 3308 8503 3883
5853 6486 2456 3824
5648 1700 5577 0455
5015 2453 5247 4772
5234 4301 7044 8068
5845 0227 5115 7126
5118 1032 4684 0474
5801 6043 3301 6441
5042 1466 7778 0702
5117 0623 7132 4335
5274 6352 1051 8016
5483 0853 3074 8886
5011 4725 7150 1672
5758 2261 5485 0428
5323 2672 0101 7112
5807 6420 4412 3217
5753 4552 3368 5563
5776 3243 4577 7416
5611 0805 0283 3256
5228 8424 2836 3618
5112 4562 3801 2023
5482 1801 4735 4183
5076 1476 2475 8543
5251 4144 0466 3823
5813 2723 6734 2780
5380 2772 5847 6012
5338 7266 0565 8022
5058 8322 4267 2026
5514 5513 8208 1263
5060 4367 1213 0782
5534 7533 8132 6220
5770 0852 4356 0016
5134 5455 7534 8810
5251 6621 6588 5734
5478 6751 4331 8435
5748 2751 6285 6227
5714 2240 0118 6230
5535 4252 2064 4621
5371 3274 1107 1357
5802 0813 7716 3638
5644 0227 8771 0867
5683 6604 5244 8875
5137 6126 4416 2072
5518 4273 0462 4223
5350 1848 5356 0743
5011 6840 1387 4687
5004 2224 1760 6055
5636 5134 0265 6444
5462 7482 3462 5543
5467 2523 5445 4268
5446 5780 4155 6578
5860 0482 5222 5476
5883 1388 8876 1664
5521 6621 5603 4650
5613 4502 4117 1474
5686 5081 5136 6350
5684 5435 1604 4006
5376 8835 3326 2881
5863 8355 1201 2430
5205 7867 2827 6821
5806 8458 2373 6528
5401 1663 0045 4850
5513 4220 2540 4547
5012 3612 1014 5323
5432 1408 4211 1453
5683 6627 2158 2468
5221 1567 5453 3620
5105 4418 7601 4134
5638 2188 4384 7424
5217 5220 0372 4243
5705 0835 4652 3856
5804 5514 2166 0803
5586 6740 0357 0671
5654 0465 5166 1730
5784 7207 4817 8187
5706 4012 8245 0762
5581 8125 3453 1870
5268 2815 2618 3506
5722 7801 5676 6522
5737 0884 8285 1254
5856 0518 3472 6025
5004 2618 1504 1812
5214 5772 5006 2674
5222 2571 4566 0038
5268 1052 5022 7157
5553 6467 0764 5073
5026 6601 5571 4744
5041 7661 5608 7765
5728 7270 6304 7136
5787 4718 1081 0128
5670 8108 1116 6008
5225 3826 8555 8744
5451 5863 3230 0145
5234 2033 6828 1330
5045 8255 6077 8835
5643 0102 3435 1873
5735 6534 7367 7554
5488 7351 5174 7533
5386 4186 1771 2416
