4315 5570 7306 5147
4300 2752 2481 6386
4115 3885 7767 3513
4155 2825 5356 6026
4503 2487 3041 2508
4745 2127 7876 5308
4235 5188 5218 5230
4121 1366 1721 0354
4004 8186 1367 0507
4703 5132 0418 6021
4871 5060 6272 6058
4606 8244 4322 3527
4484 8186 0126 8081
4482 2128 2068 0734
4822 8064 3786 1501
4714 1240 4816 0441
4513 4274 2818 3401
4466 6171 1341 5830
4264 2673 5123 4503
4638 7761 6372 8840
4873 1715 5242 2680
4502 5868 6232 8781
4422 1430 7554 0062
4052 6158 8082 7633
4531 4406 0752 1760
4205 1875 8048 4442
4303 3686 5246 0285
4668 4683 5014 0541
4021 6878 3237 2602
4834 6786 5273 0034
4286 7817 5256 7026
4638 2056 7655 8585
4337 8847 1772 6445
4486 3472 8188 0757
4545 8687 5742 6444
4257 6470 6404 5347
4822 0115 8464 0218
4130 0444 3283 1751
4381 3041 2338 3421
4853 3425 1422 7400
4413 2883 5413 2874
4721 4545 0445 6152
4353 5517 2624 2115
4313 0327 4311 1574
4835 4876 8566 4015
4403 3341 2052 8458
4025 6723 8130 6637
4012 4321 7244 4807
4201 0738 1850 3225
4832 0258 3660 1040
4208 0147 6472 3253
4027 2825 2160 6355
4355 5228 1410 3624
4474 6725 8581 4440
4434 4455 1213 0373
4747 2208 7465 7525
4414 7418 0346 0782
4562 3363 6544 6046
4780 1415 1541 2146
4157 1472 1067 5726
4661 6304 6054 2752
4383 4842 3286 8831
4023 8256 3433 8722
4578 6373 5484 3172
4744 6067 6675 8822
4883 0086 3546 8801
4276 8554 0857 0246
4374 7562 4488 2632
4886 8006 1181 1344
4626 5581 0512 4252
4674 5718 5184 8710
4823 5653 4245 5457
4023 6558 6568 0611
4474 0828 5334 0682
4371 2647 5303 8178
4223 2020 0881 8473
4225 8476 0716 5706
4713 8504 8718 3681
4825 8324 6020 8706
4831 0323 3104 5112
4003 8114 0342 4350
4167 1547 5803 3613
4676 4743 3523 3765
4727 3441 8133 4513
4367 7453 8151 3760
4268 0735 3171 7706
4583 3127 0188 0508
4402 5267 4034 5053
4145 3717 4571 7564
4276 5727 3115 8330
4861 6470 5450 5738
4720 3434 8570 6001
4747 0352 1468 2714
4448 2345 4384 3202
4434 2526 4461 7065
4180 0482 6457 1236
4220 8501 0842 8412
4756 7058 0714 3187
4775 2580 4767 2364
4371 0272 8135 3454
4224 3254 5203 2744
4142 4214 4853 1821
4258 4841 0318 1381
4304 5251 0785 6131
4730 5702 6178 4855
4440 6188 1447 5017
4153 7368 4616 5310
4667 8775 6777 8342
4370 7686 3561 3876
4713 2640 8385 8045
4006 7515 5443 2173
4686 1213 7063 6604
4755 0255 4223 2521
4546 8616 0068 8053
4284 4042 3440 1654
4746 3466 0610 1218
4122 6421 7234 2572
4382 4832 6012 6485
4443 7361 8156 3400
4134 1442 7432 7110
4720 6513 3307 2222
4852 1016 2402 2643
4273 7542 0083 6777
4216 0621 8823 3425
4365 0510 2782 1341
4218 1655 8373 1881
4817 4722 2854 2045
4770 2741 2883 4000
4113 3545 1537 3766
4803 5213 3338 6338
4084 0165 4531 2511
4823 4116 4875 6100
4536 5736 1654 4822
4770 4315 5228 8745
4073 2855 8463 4308
4063 0063 5761 2830
4144 4712 7663 5036
4405 0402 7468 3720
4675 3536 4375 7205
4337 8687 6853 4758
4374 6145 6036 6716
4838 7683 1626 6123
4015 5655 5435 6342
4800 2044 4875 2255
4165 7257 5706 2042
4205 4060 0551 4140
4585 4367 3838 5161
4055 7842 7670 5022
4607 6815 7436 5702
4025 0817 3355 1686
4433 3483 5568 5811
4250 4042 7447 0858
4688 6344 2107 7311
4407 6335 4473 1366
4532 6416 3486 1207
4707 2687 5238 7333
4702 0883 6053 5403
4653 3747 4321 7516
4645 2362 0426 2078
4487 8170 2582 0516
4431 7325 3588 0784
4018 6250 7040 3627
4181 8204 0176 5577
4630 3330 7247 3585
4226 6134 6774 3233
4713 2636 8738 1560
4627 1225 0850 4765
4728 6103 4276 0062
4487 3132 5641 8022
4635 0888 1277 7068
4745 4130 0406 7077
4147 7060 3673 0131
4530 0006 4630 4213
4624 7831 1474 3726
4210 5871 2387 3071
4262 2467 3768 0532
4783 6536 2726 3552
4733 2574 4633 2555
4570 8876 5842 2706
4453 3643 5238 5557
4508 0230 6322 5768
4628 2323 8368 5867
4014 1384 5284 5708
4370 2530 1442 7370
4212 1678 8805 4031
4074 4338 5357 2143
4872 0527 1470 8763
4237 1664 7521 7366
4466 3672 7441 4244
4156 2457 3151 8366
4305 7072 5324 5355
4238 3030 4807 3724
4832 1707 5086 8538
4627 3828 3787 0804
4814 1801 4123 7758
4233 5643 2036 8406
4110 4472 1581 8511
4204 3578 5434 7382
4037 1545 2358 1043
4642 4131 4358 0745
